69.21276
62.81578
65.010155
61.710278
66.02131
70.359406
80.1752
74.889404
76.670494
75.99599
72.70532
72.27461
67.37461
76.04041
78.33756
78.44114
77.55197
78.84392
80.51587
81.67916
80.11759
79.95395
78.09905
75.77855
63.94236
58.139236
55.637978
58.9498
70.28792
69.30609
66.48689
68.00199
69.26568
67.74972
65.84293
65.7547
76.29288
67.58302
67.69207
69.071655
42.58431
16.371992
12.004663
48.457073
71.86843
74.62107
71.84624
69.749
64.33541
55.723553
59.451782
53.746376
63.17474
70.473076
67.57646
70.52761
73.28505
72.54642
69.01001
61.06474
64.83918
69.91638
67.64791
66.71376
34.913403
23.1052
34.42455
68.313156
76.30496
79.19704
74.26593
67.01217
58.230484
60.167347
51.79524
64.484245
64.72388
70.289894
69.71257
70.575836
67.17314
65.57329
70.69991
65.07381
68.83632
70.45966
64.990204
72.014305
74.993195
25.425587
46.35034
73.81238
78.37075
77.75709
72.89244
68.17551
59.14985
62.581272
61.940235
56.98722
63.98888
67.46914
67.08743
70.20914
70.68758
63.486397
65.498726
71.1684
67.19907
70.57879
71.876945
58.751884
29.83637
18.12425
51.42768
72.975
74.57922
76.87681
71.14292
64.06081
68.2263
60.67556
52.98061
58.372005
66.12254
75.427
67.408295
74.141075
71.11091
70.14357
67.756744
68.5575
65.82334
69.90328
50.281685
46.718544
18.07183
18.999876
58.476265
79.46169
75.306244
77.47093
73.76719
74.05868
69.21276
62.81578
65.010155
61.710278
66.02131
70.359406
80.1752
74.889404
76.670494
75.99599
72.70532
72.27461
67.37461
76.04041
78.33756
78.44114
77.55197
78.84392
80.51587
81.67916
80.11759
79.95395
78.09905
75.77855